11111. fiunt! 11111111. 1111 111 111111.

”¹ ’ '⁴''²“³³“²'²‘ 811111”’ ” *ω’-ἐπ

101 01111 611111 111 1111111111 3111111.
102 ι18111111 1111111111 13 1811111111 1111111.
103 31111611111111 13 11111111 8111111111.
104 01111 611111 13 1111111111 1111111111,
10111111 1111111111 111 1811111 11111111.
1061111111 111 111 2111111111 1111.
1071111111 1111 111 1111111111 11111111.
108111113111111 111 1111111111 11111111.
10911111 11111111 · 111 1111111111 11111111.
110111111111111 121 1111111111 11111111111111.

11111111 191111 12 11111111 18111111.

Ξ Sexta.

112 1111111 1111111111 101 1111111111 81111111.

113 gustu& 81111 111 2111111111 11111111.

114111111111111 101 1111111 01111111111111111.
115 1111111111 111 1111111111 0111111111.
1161111011111111 111 1111111111 Ι ⁴ 1111111.
117 1111111111 12 1111 . 11111111.
118 (11111 1111111 101 11111111 1 1111111111.
119 111111 11111 111 1111111111 - 11111111111111.
120 1111118111 . 101 1111111111 01111111.
121 1111111 611111 121 (ῧ111111111 (11111111,
122 , 11111111 11111 11 1111111
Ι, 11111 111 1811111 1111111 (1111111111.
123111111111111 11 1111111111 ’11111
12411111111111 13 :winingen ² 1111111.
. 125 181111 11111111 101 161111111 11111111111111.
126 1111111111 111 1181111111 ’11111111
127 1111111111 111 3111111 11111111.
128 8111111 1111111 12 1111111 11111111.
12911111111111111111111 11 1111111111 1111111111.
130 11111 11111111 11 1111111111 Ξ181111111111111111111.
1313111111 11111111 111 1111111111 1111111111.
132 11111111 11 1111111111 10111111.
1331ἕ1111111111111ἰ1 121 1111111111 1111111111. 1.
134 111111 1111111 111 1111111111 1111111111.
1318111 11111 101 11111111 1111111111.
1361 111111111111111 131 111111 1111111111.
1371 111 11111111 11 1111111111 Ι 1111111111.
138 11111111 111 1111111111 1611111111.
139111111111111 Ι101 1111 11111111.

 

