ww 32 m

1111111111 11111111111111111111111, 131 31111, 111 111 1111111111111111111111
1111 18111111 111 1111111111, 131 3111111, 111 111 11111111111111111111;

1111111111 111 1111111111, 121 111111 111, 111 111 111111 11111 1111111111·
18111111111111 111 61111111, 121 31111111, 11111111111111111111111111

. 1111111 11111111 111 1111111111, 111 31111111, 1111111 11111111111111·
111 Sexta: 111131111111111111111, 12181111 111, 111 111 111111111111111111111
111111 1111111111111111 111 11111111, 12 31111111, 111111 1111111 111111

11111111.

1111 61111111 18988189 1111111111111111 11 9. 111111.

1111111111 111 11111111 111111 111 1111111111 111 11111111111111111161. 111111 111
1111111, 1111111 11111111 11 1118111111111 1111111 111, 11111111, 111111 1311111111 1111 11 111
1111111 111 1111111111 1111111111 11111111 3111111111 1111 1111111111111111111111, 11 1111111
111111 11111111111111 11111111 (1111111111 111111111111 11111111 (11111111 1111 11111111 11111111.

1111 11111111111111111 11111111 1111 1111111111 1111111111, 111 111 1111111111111113111
11111111111111111 11111111 111 111111 11 111111111111111111 11111111 1111111 1111. 111
11111111, 1111111113. 11111 1861 111111111111, 11111, 1111111 11111111111111111 111 111
11111111 1111111111 11111111 11111, 11 1113111111 1881 111 1886 11 1111111 1111 8111111111
1111111111 111 111111111111111111111111 111111111, 1111 1111 11111111 1886111111111111 1111111111
111111 111111 61111111 1111111111, 111 1111 11111 1 31111111 1111111111 11111 1111111111
1111111111 111111 111 11 1111111 1887 111 111111111111111 (1111111111 1111111 1111111,

1111111111 111 6111111111 1111111111 111111111111

11 Tertia 1: 1111111 11111111 111 0111111111, 141 &ante 11;
iu Quinta: (1111111 11111111 Θ11111111, 111 31111 1111
1181111111 11111111 1111111111 111 1111111111, 91 111111 11;
11 1111111111 1111111111, 91 11111
111111 11111111 111 61111111, 91 31111 111;
8111111111 111 1111111111, 101 111111 111;
111 1111111111 111 1111111111, 101 111111 111;
11111 [11111111 1111, 11 111111 111;
1111111111 111 11111111, 91 31111111
311111131111111111 1111111111, 101 31111 111;
1111111 1111111111111, 101 111111 11;
11111111 1111111111 111 1111111111, 10 31111 111;
111111111111111 1111111111, 91 111111 111;
11111111 1111111111111, 1011111 111 ’
ἓ11111111111 111 1111111111, 91 31111 1111
111111111111111 1111111111, 10 81111 111;
1111111 (1111111111 6111111111, 111 111111 1111
1111111 (111111111111111111111, 101 111111 111;
311111 1111111111 111 1111111111, 10111111 111;
1111111 111111 111 (11111, 91 &aare 111;
1111 11111111 1111111111111, 1031111 111;
1111 (111111 111 1111111111, 91 3111111.

8111111111 6111111111 1111 111

1111111111 1111111111 1111113111 111 1111111, 15 81111111, 111 1111111111 1111111 1111111111
11 11111.

111127.1’11111111889 11111 1111 11111111 1111111111 1161111111 111111 1111, 1111111111
1111111111111111 1111111 111 1111111111.

1

 

