mgbmm

Nr4 114414 ,1111441 0141441441. ἱ 11441144 1141444. ¹

Ι

4 Quarta. 4
63 441144 8444 14 4,44444144441154 1144141 14444441144441.
64441411444444 4144 ,41141414444 4441444441144444.
85 441140141111924 · 4124 4411114444 444444 84414441414441.
66 4414 4414444444444 134 4141414444 , 44414441.

67 1141444 1144441444 17 4114414444 1144444141441.
68 4144141144 114414 415 84144 444 1144414444 4.
69 1141444 4441 144 41444 41444444 4.

70 114414 4114 44 414 8441441444 41444444 4. .
71944141111444 1144444444. ·
72 41444141 1114144 ’ 144 4114444144 Hen 1144414444.

a 73 11441 444 1141144 ,124 44411441444444441. ,
74 44444 11144444 4134 4141414444 111414444444444444444444. ·
75 1144414 44114 4144Ι 1341444444 1441444141444144114
76 41144 18144441 1134 411414144 44 4144411144144441441
77 1841144444 4144414144 134 4144444911. 4441. 13144414141444414444.
78 41144 1141144144 134,4114414441111444144144
44 44444 444444 13144444 , 4444.

80 11441 1141444 444441144444444 1144441144.

1131114 44414414 ’ 1411414111 444 41441144.
82 4414444 4·1 144 4411414144 44 844414444444441441144
83 4444444111444444 151 4444'1444411g 4 Dr. med. 441 44411. 1141.
84 1114144 1114444444 14 4114144444 ;1144444414441144.

4 4

4 Quinta.

85 4444 1144444441 44414 444444 44444444111441.

86 4444444441444441 · 1111414444.

87 441 184441 124 4414441441 1844144414144441441.
88 41144441 444141 14 4444114114 411141ῒὶ41144
8948411414 4144441 114 4141414444 1444441144141144.
9011441141 1841414444 14 41141414444 111444444441418

9144 44144 114144 13¹ 411414144 en 444144414414144111444444444.
9211144ιί4 41144144 124 111144 1144444

934 444 41111144 13 4141414444 1114444444.

944 114 41414 4414144 411 41444444.

95 4441411414 11144 13 Ι111141414444 44414444 4, 1. 0441441414
944 4444 1114414 124 4184444444 1414411414111.
911 444 41444 4114444444 4444411144.
98 ,4144441 41441 124 4C44 44444 41444444.

99 ,1111441 44444444 41144144 en 444111441144.
100 11441 11444444 144 1441444411 1144444444 4.

4
441

5*

 

